$ANSIBLE_VAULT;1.1;AES256
65633437306363613738356233326465363434393038396236363861613531366138623138383764
3739373137363362306333646161316237366135636639370a333037363065333936363365323436
64376637366136333238373534326264656165306331616365386434636666643362636137313332
3638643639646465360a623162313562376435383332393862653339313534383366633466646435
35346162396334363662643261636131613462353135353439643834653264396637646434373239
36613866626264656635643738653761666637636639353339363062636463636663353730616436
33356630326464303339653030656630396362333061323861396133386561326233386363393139
31623436353265366432383332653663316432383235303066336638326132636364366432356133
38396464626533633239383432393666316630633963623165313239393766663037373737306231
65363036623533613636356661386630336664646431353539313132343534316562313139333364
37326330333630373134386162663761653162343130373630316364313662643465306261363462
64306437633039646166643161313630623233643663653264323961663232383836313433396531
30366164396263626336306137626133663430366231356566663838316337306436626331333134
32346663663931623232383162646535656137323236333964643863623039623865663933316233
32326535373966643964623835343838643962613762393162613638393433643237623139313434
61666637383762653634633031623963323134366261633034323130353663663737373764633962
62313334336136656439636233643935636138646635646539656336376336663933393239656430
31366364393730656161393336306663653633333536353734383631303761386539653962353738
36653733303434316432323564373332353166653734323664313135336630303438313964653431
30616165636235666234623334613230653431313436366665646331356232373236616663626237
34363765323530373166656461333337633339303962373866303239363034613339356163646263
31376438363835333263373035633331326531326230663562336663616465363532666133663766
64656530666632393439323562663933636536386164626133313861393538663362653039386366
35323830363838313966613761663138386365653663383432316131336561333761646238356135
66663963663032356538353638373665346365323334356362373263373032626432396134623639
34366534616433333564333137623665343532633163613862373239626236366563623832666162
61656163343239623366323265343933643232363533346531396462666666313161613966303265
37393534613530616333313731313337643664643730323062313931643336613936623861623135
62313961653236616535656166346664376237363930383262393134336262616437613737303062
61353535326438323438333634326634303266383263383061366536653532353762316161393661
30626239363464313565333563313231393964323562656163616163313161613635633763613331
64616364333265323237653063666262323431626564336333646633326132303832383265343730
62346634363935653962383633323931613962663366383735343530626662636261376166383266
35613938383632326362316133373238306365353731663738653665643034613836336164366636
33343932393337663339383362343066373663373731343134393831303736366266323938333338
38376264323437376633633062653235303161333839383362363664323965303434323831363639
64643535653739366663333139373534636531373764323438613531356261646333626639643462
39343735646530663662323336653538303365663730613663373538376634366362653831613863
36633637383334616532366139326334336363336338653865636230663162633437343130333363
62313062616338316630613732373438393136623465353762636162323937323031353763373365
38353137666638623530363866353838376334346465376165373831633230663639613463366433
39323265643938616636396162623835393331623963333433646566313465636361393035656566
31346362393536383630343735316133386239646633353165326165303666323835396136646365
31633661636331656636356162633261616633633131346231346538643236336539626633373063
62653632353536396536393533376330346438323135353061323130646538623638386363376530
39353230323838343533383964326635336136366561363035313532336530616230646531623731
63383338353031616237323230336633346162323637323937343764373066376138313361393538
35646565636139313163373033333665363132366438383530316264313833643439313262363861
64613537343765383530663834633934353130346363633265346536383433303634666637303832
38656232373261366663313431373130623830653666666565666365316130626465373763383766
65346231366233333565303532653739623964376262633931666434306133336462666332353631
61626466353064363966393933326234376663636165636265636130643631626135643765363739
33623434323838366436633137323333313732313433386638643735326239376637666632643364
39623331333761383032376331366335333439643362616163663964316434303236363636666164
33623033356464316331663064646661643266346365653639643766336661656362363839363965
65623766373538333364363765363539656230356434313266396235393761343838646466376338
36393939353236316364646666623133636463623830613139383961333437393635656439366236
33323263373439616163653233373334303339306465383037653265643830386566373337663861
34326564313639396436343135653233323737393131363262626366626132663862623335656531
36323132313463323338326633373965366166626163326437363537356536323664353864343135
38653632313537666435643361393134643539303830326233656265326262643536623533356265
30353064386233323732386432653464643038323032666436666333666139636165373932653838
32313561616439616337613533346337343132653436373230396561313265643262653264666634
65653162383336346238633137393562653063646565643236383637393433343233656364343562
65626263656435313337386463333130383565343430393332356663663838626465643537663937
30656562303361366563646562376536633765386438616462396138303434386664323366343561
32366332623535646164656462353537633030356235396236376664353364336538666331346134
39326236666433666463366635333264353332323339333639303165656338323339633134363163
61323436666165323836333936323537643965643730323363613239383633336137383439313364
35386165306132336465396432373732333436373536326165646637633239373639383238313566
37313662306436363866393238323135633433616265303939346166376266666630616634386237
30303038356632643866356536316266363662663961663537356363303134373736303331383536
35373264306237346562616139633935316463336665363832653632663536366530393861316335
39366135323461656137303865316663373534656430336438666231326332353664653132633435
62323836643932666431613431376536386162656566383463363264386237643837376337393366
61633539643064323437366663326234613638393736346366363239333537663434396539363865
32613262656435636539316162383966633935393236343164306363646233303962356162376535
34643861343564346238643433306335326163653534613866373733353938643130626332613030
63633862346438633439333964613339323734393561633331323032353331633932333363366364
36393437666437323662613534363836643130366462366537633663393263336664396636343933
32653835653536616533353132623633393638343765636261343263383131346535353836336565
31356463383634346430373564303539343436353337346630636631646139313964623563636639
38656132613832346230373466333135363437653534303437393064656433396136346438323337
66306637333931373162656330393566326434613438303365376539346637323035333537336435
30333237353566316439396633363061346261323435656665376661613232376237306139643636
65353031323866343535633665303537396334306630303031333339626161613563643763346432
31656433656234313335636439346139386261373233653765336436643839613133366165656430
65313237326630316330636438306137373339343064316439346461313164643963376232373133
65353630613562333136613039353336646232376363386434376237303261623431333633616461
35393766623466626130653139343237666665376538396133373730313733623838373864326431
33656238323264626364623566616434383637363065643038633264663635623632373834356232
30363638376531633734383261656435636333336236306461326530633530386330633736353233
39626534616136613263373632343363343930653631616530626234303136383335313239623165
35333433333633323334333163303766656536316665346339346137376434663834366434386431
64663362663931333133343462313061373038653266303464396339663331333939333835366462
65346265643235306234343334313433383434303633623438323431353531343139313134646162
31396233623139353561353736356230353263336335316134303162616336613835363039663963
35363933636233323035343063376638363564353636346336306633396233613933356163303964
66653736613832326239643339643362646234636335383135353164656330373261373535303537
37623933623661663539326531616263613065353933303666363162616262306662653030376139
39356438636662646133303337306231316462393331396230336534303737363437306130613332
30663932313739663136383937353832633665353333303330663265616137313336313830643566
62616636393963343865643638313231626534653635656330393961383736343566623061386134
64396161313163396639653263366531323661636230656166323964383434633832643234393764
61313161303665313238636331643333346364376138656531626634353038623065613539303230
65373633303266626561623731363839633165343632343030623966323466353833666230643533
36383463326366653465313539643533613737633935326233636265363161656532393666303638
32613262363931396331333663626235333231396139393063363564303963346534653961646134
62633166303734613364333564623332376431636664353164643763373466323161383538353831
64663933386631363535393636346138313038386163313366656533623030316565653431663562
37376262386464316462633739646531376638303766653266333636663537336632623832646461
32653563633536313936323639613164663062383632346137343431626539383163646636656664
64616564353038346639643839653764313362323465653933626231396538393337343635393066
36303331653830396664393964623831653934623866396462333939643433313966366436616630
32336336313836363736316539323064363138356233306639613638653465636561633664336338
36333066376161666565643038353532376262376636643630396533313933366239343731356564
61303234323833326237346639346531613861653438383032303533623436646631336138383937
35616637656463396566363835363464313332373033383061323433313230313139623264343437
37336433613938396230623938313836303939383661613734373564363833653437326466333430
39393765616139373634663930643933666630613738633436333331346531623737323036393732
65633563383962373137356166376666346138656163346136373831613139633033653836623832
33303336366531633563343631663234613532336265383435303130646266373433353963656239
36333938646134323865383332663064663063393037333661623562323862633536643462383266
39626536636437373930636535646337316535373638333766303335613834313337396439336132
31343664316330646332663232323563633535663032373661653839363166363636653636613932
39353938366466353033316164393131363134326130373862353666346536316431303230396336
30323065343933663030366461386632383865353530613365303230653330316337633634663431
34316538313735303863333131656330323265363135336535346536366532653463376361653661
34636261643236653764383736396232313863333666333161363163616630316262366563643639
33633630323834366138353834383132616637646430303230386635366363386131663239393431
37306364343364393338383463333239666263356534623737353632663063656332333735356435
37646334646163646330666335306434363437343138336434613566353633393838383831643533
38353330393261623631346161623033323262663738356639613936663065386263666233363631
37613461656332646231643538326533386164646266646262306666356332313561666239646434
63346164343734626339636464366531346635376563616538393861626233306538303437633465
38383663323761393738626131336437303464656137313433633433356363373362366464663965
35316634323631383231366664633665366331306266613733663535363363636537366164373431
32333538623137653366376433303665373235373037363538393538383937666136316134303037
38656133356238343265633539346137666263643030316563633134323239353062663030303533
66633834613865376133393839336230623561653362333737636363393236633834323139333433
63646230306464633261366361373930363363626535396564366531653437653762373133323731
37643438613066333439653232323963346631633332346130303666613864343862636331353632
64636563363562633631363839376532663535613163333665333463656263316466383830336434
34663764346336353262366131636139653636326236646663366536313963323435653139653461
36313561396232373937663338663832643938353161626466363134663132306132366166346266
61666365363131306330393939643434626135306337396138306238396234313030353263663630
35313531646132303131336164323862656465343833346364306534663638383735383938666265
62616139636430616262353631303435343630343032316265386537373139616434383264626431
63326437373939363432643239346137656561643033363864633665396262643663666431323565
38363431313166316630353137653030396137363131653264336161306466336464353935633361
37323632306433656437653364313935366230343432353134383338653939636632363133313961
64666136386266663930666331633333353439393361343435363061653135393465613032653565
34663434376565353532396234663736313631333136623162343935393536326432656230376661
34653061656438323933613761373332393966323665613831636232336235663361643335313832
66356336313730656638383433356665336565663331363230666137303030666332626532633863
62653064336234636363613731343133366361323164363763626164383539393838373331303631
65366530393831663464343233373734373037323438656239366331333065613964363434373264
30306530656434373832633839356339383937373238373234656132363834373864663630656134
31623334366233636365326161653061656232363136633735646233363535373037623162366332
32636562653132336530633561333635653933383438393763346239366163386462393937386337
65376130343061623839386364626130303237386339363965343438323832336435383566363030
37616639366361643966353636313139363334643638353366613234383634383637643630396565
33323266303565393339323538313038393335363335313432383430336264353838333830613461
34623236373331623235323063663363343437346636616666393063366634613861306665666562
65633562623035343934323936346430646163313061343835366533323864646663306333316433
39373732353730346164613637616564646230653166643333623936613261356166356565636538
34653238346134376239653363643438613939353431643562316266653137383063666364326436
39343162646536616633633435386565666363663064363333633731313332373665623232646362
38616461316336346533323731633765643965376430363063643439333335353636376438643032
31613165386661376537636533383861333439393863653466346237356435333532663638323664
30316462653861343532303337356434303638393638363236326438333034313434613933663333
33653039303237303633653966383465353036616635616436336166396635306438313833663739
30623262383732386139303533356265346464303863393937333535326139633430
